    48190832
  1446399685
  -279921527
 -2056437115
 -1734292095
  1021936936
  -269527821
  -836858348
   696236338
   570274332
   908835489
  -990596440
   -82912392
  1424477712
  -945368259
 -1588894972
   -57351240
    83581057
 -1037763165
   260445492
  -737136658
  -895262773
   122078948
  1069728715
   830958081
   -51846762
  -712644682
  -923367991
 -1216322359
  -577119264
  1264272704
   141222940
   932328653
 -1045887285
 -1419630389
  1658744451
  2006890771
  1051257617
  1590688117
 -1114827700
  1852438315
  1038752269
   123466344
   921798983
 -1665766825
   762371272
   -87027265
    90727814
  1204815476
    15114932
  1299558184
 -1967205947
  -245030794
  1499044685
 -1998683924
 -1896420481
 -1472651174
  1085916529
 -1866702285
 -1642477426
  1881462644
  1636694690
 -2139591716
 -1642625163
   510504142
  2081471582
   748170374
   820791178
  -909299327
 -1827046357
 -1925510652
  1564888984
 -1224407450
   681783822
 -1653707706
  -769261736
   705983283
 -1195102760
  2086874551
 -1734495423
 -1901364888
  2013287218
  1786458458
   308057199
  -886627170
  1012409858
  1583733953
   780577210
 -1739586924
  1321727330
  -488192492
  1095126259
  -619743416
  -875656344
   501495547
 -1914591527
  -320794891
  1431824802
  -374997215
    73421871
  -829316360
   334179314
   960434905
 -1844986889
  1440947246
  -142211223
  1983342893
  -903796141
 -1408989111
  1683476972
  1218891829
   356052083
 -1554757093
  1498640140
  2036965309
  -268665424
  1493080739
  -662345186
   458856143
  -873405149
  2031015893
   -83082734
 -1048684130
  1692971372
  -861162120
 -1041877435
  1082880679
 -1081359187
   107300249
  -116129293
  1808516661
  1292477300
  1685588045
  1755116273
 -1968172218
  1793572439
 -1692010800
 -1813199932
  -983495044
 -2046116669
  -678287321
   691069991
     1803614
 -1653275084
 -1845548717
   577759635
 -1111699220
  1652809725
 -1721608896
  1634585049
